image_width: 1920
image_height: 1080
camera_name: narrow_stereo
camera_matrix:
  rows: 3
  cols: 3
  data: [1377.16562,    0.     ,  988.89922,
            0.     , 1374.85633,  552.75841,
            0.     ,    0.     ,    1.     ]
distortion_model: plumb_bob
distortion_coefficients:
  rows: 1
  cols: 5
  data: [-0.410210, 0.155448, -0.000585, -0.000760, 0.000000]
rectification_matrix:
  rows: 3
  cols: 3
  data: [1., 0., 0.,
         0., 1., 0.,
         0., 0., 1.]
projection_matrix:
  rows: 3
  cols: 4
  data: [1057.76221,    0.     ,  998.84674,    0.     ,
            0.     , 1279.90918,  553.74443,    0.     ,
            0.     ,    0.     ,    1.     ,    0.     ]
